327
526
506
505
503
501
498
494
493
490
487
486
485
484
483
482
481
480
475
474
471
469
465
463
460
459
451
448
447
444
425
422
421
418
417
415
411
409
408
407
406
402
401
400
399
397
394
393
391
389
388
382
380
379
378
377
375
374
373
370
369
368
363
362
361
360
359
358
357
356
354
353
351
348
346
345
341
340
336
332
331
330
329
520
326
324
323
321
320
318
317
316
315
314
313
312
310
309
308
305
302
298
297
295
294
293
289
288
286
284
282
281
280
279
276
274
272
271
270
269
266
261
259
257
253
251
249
247
246
240
239
231
230
228
224
218
214
212
208
200
173
166
163
162
159
158
155
146
140
139
133
128
66	
57	
56	
54	
50	
44	
42	
31	
23	
22	
20	
17	
10	
4